38, 0, 0, 22, 255, 83, 0, 0, 38, 0, 0, 16, 0, 4, 0, 0, 
38, 0, 0, 18, 0, 0, 0, 0, 37, 0, 0, 3, 170, 0, 0, 0, 
38, 0, 0, 2, 236, 0, 0, 0, 35, 0, 0, 0, 210, 1, 0, 0, 
37, 0, 0, 4, 13, 0, 0, 0, 47, 4, 0, 0, 0, 0, 0, 192, 
35, 0, 0, 0, 120, 0, 0, 0, 42, 0, 20, 5, 50, 20, 3, 0, 
42, 0, 20, 2, 50, 20, 5, 0, 50, 20, 0, 0, 2, 18, 1, 18, 
23, 2, 3, 0, 31, 8, 0, 0, 48, 0, 0, 0, 2, 16, 18, 2, 
33, 0, 0, 0, 58, 2, 0, 0, 27, 23, 0, 0, 27, 2, 0, 0, 
38, 0, 0, 17, 0, 4, 0, 0, 38, 0, 0, 19, 32, 0, 0, 0, 
50, 21, 0, 0, 4, 19, 1, 19, 12, 20, 0, 10, 38, 0, 0, 4, 
10, 0, 0, 0, 38, 0, 0, 8, 48, 0, 0, 0, 10, 10, 4, 6, 
8, 10, 4, 10, 2, 6, 8, 6, 50, 21, 6, 0, 4, 19, 1, 19, 
24, 10, 0, 0, 31, 8, 0, 0, 212, 0, 0, 0, 33, 0, 0, 0, 
172, 0, 0, 0, 2, 21, 1, 2, 35, 0, 0, 0, 210, 1, 0, 0, 
30, 0, 0, 2, 30, 0, 0, 23, 34, 0, 23, 0, 67, 111, 117, 110, 
116, 105, 110, 103, 32, 97, 110, 100, 32, 116, 101, 115, 116, 105, 110, 103, 
32, 109, 101, 109, 111, 114, 121, 46, 10, 0, 33, 0, 0, 0, 58, 2, 
0, 0, 39, 0, 0, 2, 1, 0, 0, 192, 23, 2, 0, 0, 31, 8, 
0, 0, 18, 1, 0, 0, 39, 0, 0, 15, 0, 0, 0, 192, 34, 0, 
23, 0, 47, 2, 0, 0, 0, 0, 0, 192, 34, 0, 23, 0, 27, 23, 
0, 0, 27, 17, 0, 0, 27, 19, 0, 0, 27, 4, 0, 0, 27, 8, 
0, 0, 27, 6, 0, 0, 38, 0, 0, 17, 0, 4, 0, 0, 38, 0, 
0, 19, 32, 0, 0, 0, 50, 21, 0, 0, 4, 19, 1, 19, 12, 20, 
0, 10, 38, 0, 0, 4, 10, 0, 0, 0, 38, 0, 0, 8, 48, 0, 
0, 0, 10, 2, 4, 6, 8, 2, 4, 2, 2, 6, 8, 6, 50, 21, 
6, 0, 4, 19, 1, 19, 24, 2, 0, 0, 31, 8, 0, 0, 170, 1, 
0, 0, 33, 0, 0, 0, 130, 1, 0, 0, 2, 21, 1, 2, 35, 0, 
0, 0, 210, 1, 0, 0, 30, 0, 0, 6, 30, 0, 0, 8, 30, 0, 
0, 4, 30, 0, 0, 19, 30, 0, 0, 17, 30, 0, 0, 23, 34, 0, 
23, 0, 27, 16, 0, 0, 27, 18, 0, 0, 12, 2, 2, 16, 37, 0, 
0, 2, 13, 0, 0, 0, 37, 0, 0, 3, 10, 0, 0, 0, 12, 0, 
0, 18, 42, 0, 20, 4, 31, 2, 0, 0, 46, 2, 0, 0, 23, 4, 
3, 0, 31, 8, 0, 0, 18, 2, 0, 0, 33, 0, 0, 0, 26, 2, 
0, 0, 47, 2, 0, 0, 0, 0, 0, 192, 47, 4, 0, 0, 0, 0, 
0, 192, 2, 18, 1, 18, 33, 0, 0, 0, 242, 1, 0, 0, 30, 0, 
0, 18, 30, 0, 0, 16, 34, 0, 23, 0, 38, 0, 0, 4, 154, 2, 
0, 0, 35, 0, 0, 0, 210, 1, 0, 0, 35, 0, 0, 0, 62, 1, 
0, 0, 38, 0, 0, 2, 168, 2, 0, 0, 35, 0, 0, 0, 210, 1, 
0, 0, 38, 0, 0, 2, 194, 2, 0, 0, 35, 0, 0, 0, 210, 1, 
0, 0, 38, 0, 0, 2, 232, 2, 0, 0, 35, 0, 0, 0, 210, 1, 
0, 0, 35, 0, 0, 0, 18, 1, 0, 0, 33, 0, 0, 0, 98, 2, 
0, 0, 255, 0, 0, 0, 0, 0, 0, 0, 83, 116, 97, 114, 116, 101, 
100, 32, 119, 105, 116, 104, 32, 0, 32, 66, 121, 116, 101, 115, 32, 111, 
102, 32, 82, 65, 77, 32, 97, 118, 97, 108, 105, 97, 98, 108, 101, 46, 
10, 0, 84, 104, 105, 115, 32, 105, 115, 32, 97, 32, 116, 101, 115, 116, 
33, 10, 68, 111, 101, 115, 32, 92, 110, 32, 119, 111, 114, 107, 63, 32, 
10, 32, 89, 69, 83, 33, 10, 0, 72, 105, 116, 32, 97, 110, 121, 32, 
107, 101, 121, 32, 116, 111, 32, 114, 117, 110, 32, 97, 103, 97, 105, 110, 
33, 10